Размер массива 10000 10000
1 процесс, время: 2.116253, 2.492626, 2.799019, 2.482158, 2.452798
2 процесса, время: 1.481212, 1.637023, 1.422093, 1.781793, 1.650752
3 процесса, время: 1.569710, 1.363960, 1.608525, 1.600926, 1.462890, 1.229013
4 процесса, время: 1.176755, 1.396583, 1.283754, 1.290373, 1.252033, 1.321007, 0.916616
5 процессов, время: 1.128481 1.048503 1.130429 1.273135 1.164692 1.242155 0.761239
6 процессов, время: 0.962754  1.174867 0.945139 1.027910 1.192271 0.699845
7 процессов, время: 1.033784 1.171423 0.889097 1.018922
8 процесов, время: 1.017762, 0.980433,  0.962912


20000x20000:
1: 16.93
2: 9.091163
3: 5.638272
4: 











 







 












 



